-3.4	45363900	1
-3.34	84839700	1
-1.45	16593700	1
-1.43	49541300	0
-1.4	44643600	1
-1.31	17126000	1
-1.3	26873900	1
-1.25	17068000	1
-1.24	15752300	1
-1.15	23695000	0
-1.15	45777200	0
-1.12	10170700	0
-1.1	14877600	0
-1.08	22392400	1
-1.06	28213800	0
-1.03	11788000	1
-0.94	30390400	1
-0.89	15446100	1
-0.88	12299700	1
-0.85	13591600	0
-0.85	21605200	0
-0.84	12798400	1
-0.83	11804100	1
-0.82	12755400	0
-0.81	20495000	1
-0.77	16430900	0
-0.75	16281400	0
-0.74	16608600	0
-0.73	8590700 	0
-0.72	25176200	1
-0.71	13833200	1
-0.71	7625500		0
-0.67	26380900	1
-0.67	13609000	1
-0.67	15604400	0
-0.66	19349200	0
-0.66	18617900	0
-0.65	18373600	1
-0.63	16005100	0
-0.62	16909400	0
-0.62	11801900	1
-0.61	8436400		0
-0.6	12712600	0
-0.6	32284300	0
-0.59	11063300	1
-0.58	12708500	0
-0.58	14222100	1
-0.58	12481300	0
-0.58	14389300	1
-0.56	12796000	1
-0.56	19377100	1
-0.56	7462800		0
-0.55	14257900	0
-0.54	11888000	0
-0.53	12817500	0
-0.53	8268800		0
-0.53	18414500	0
-0.51	10928000	1
-0.49	11924500	0
-0.48	16676500	1
-0.48	5933500		1
-0.48	8976700		0
-0.48	8837300		1
-0.47	12942700	1
-0.46	14264800	1
-0.46	14483800	0
-0.46	12129100	0
-0.44	14752100	1
-0.43	12394300	1
-0.43	10057600	1
-0.42	13854100	0
-0.41	8884300		0
-0.4	16985900	0
-0.39	13645500	1
-0.39	11661500	1
-0.39	14036900	1
-0.38	15614900	0
-0.38	17094200	1
-0.38	10415500	0
-0.36	22186900	1
-0.35	15949600	1
-0.33	14194200	0
-0.32	41895400	1
-0.32	14722300	0
-0.3	10869100	1
-0.29	11995200	1
-0.29	10855400	0
-0.27	12209300	1
-0.27	10007300	1
-0.25	10290600	0
-0.25	7768600		0
-0.25	15750200	0
-0.24	15688100	1
-0.24	9232700		1
-0.22	15873800	0
-0.22	11509600	0
-0.22	14298900	1
-0.22	7559100		0
-0.22	9791100		1
-0.21	10033400	0
-0.2	20455100	0
-0.2	14330900	1
-0.19	15206700	0
-0.19	11282800	1
-0.19	12036200	0
-0.19	15911600	0
-0.18	9366100		0
-0.18	11382000	1
-0.16	10862500	1
-0.16	9230000		0
-0.15	9065600		1
-0.15	16414800	0
-0.15	10270400	1
-0.15	11803400	0
-0.15	10717000	0
-0.15	9223800		0
-0.14	17352000	0
-0.14	7933600		0
-0.13	13364700	1
-0.13	19109900	0
-0.13	9147300		1
-0.13	6398400		1
-0.13	10017600	0
-0.13	18976400	0
-0.1	20036400	0
-0.1	11258300	0
-0.1	20563500	0
-0.1	10044200	1
-0.09	11445300	0
-0.09	9267400		0
-0.09	6860600		1
-0.09	11893400	0
-0.09	10279400	0
-0.09	12229400	0
-0.08	3468900		0
-0.08	12029700	1
-0.08	9542700		0
-0.07	6844000		0
-0.07	10228700	0
-0.07	13678000	0
-0.07	9797500		1
-0.04	14467600	1
-0.04	10467600	0
-0.04	13833100	0
-0.04	15507600	1
-0.03	18745000	0
-0.03	10776200	0
-0.03	8866500		0
-0.02	9506500		0
-0.02	9831100		0
-0.02	11867700	0
-0.01	19432500	1
0		7197100		0
0.01	9414000		0
0.01	16204300	0
0.02	9887300		1
0.03	14273100	0
0.03	20529200	0
0.03	9087000		1
0.04	7396000		0
0.05	12883300	1
0.05	11027300	0
0.06	25414500	1
0.07	6141500		0
0.08	10333100	0
0.08	14758000	0
0.09	11105600	0
0.09	10410700	1
0.1		15679100	0
0.11	12635300	0
0.11	19903500	0
0.11	10600700	0
0.12	26299600	0
0.12	14861600	1
0.12	7713000		0
0.14	16128800	0
0.15	5313400		1
0.15	12580300	0
0.15	11845500	1
0.16	11943100	0
0.17	11830400	1
0.17	10963900	1
0.17	12160800	0
0.17	74370100	1
0.18	17501800	1
0.18	10796200	1
0.2		31405700	1
0.21	13448700	0
0.21	8462400		1
0.21	14294300	0
0.23	20538300	0
0.23	10876300	1
0.24	10856500	0
0.24	36033600	1
0.25	12498500	1
0.25	9656200		1
0.25	8384800		1
0.26	18317900	0
0.26	22179700	0
0.26	11462200	0
0.26	20305700	0
0.27	15810300	0
0.27	15039600	0
0.28	11351400	0
0.29	20454500	1
0.3		11152900	0
0.3		13785800	0
0.33	19105100	0
0.34	14365400	0
0.35	13976300	0
0.36	11899700	0
0.36	7943800		0
0.37	10987200	1
0.39	13257200	1
0.41	12573500	0
0.41	18501200	1
0.41	14681800	1
0.42	12241100	0
0.42	10301800	0
0.46	12647400	1
0.48	17418900	0
0.49	16026500	0
0.49	14864300	0
0.5		16140900	1
0.51	9051900		0
0.51	8713200		0
0.51	54530800	1
0.52	24308600	1
0.54	11511000	0
0.56	12224800	1
0.57	15502700	0
0.58	14245400	1
0.58	11376400	1
0.58	16305100	1
0.61	18513200	0
0.62	30404300	0
0.63	14995700	0
0.63	12592400	0
0.65	14294000	1
0.65	56614000	0
0.67	17714800	0
0.68	13748900	0
0.69	16162900	0
0.71	12365800	1
0.72	11087800	0
0.72	13301000	0
0.78	17363600	0
0.78	13686500	1
0.79	11281100	0
0.84	15845900	1
0.85	28987700	1
0.86	18158200	1
0.89	15174300	1
1.06	19403800	0
1.09	18919900	1
1.12	47058500	0
1.2		15521100	1
1.22	17922900	0
1.24	14704800	0
1.31	16071000	0
1.32	25661600	1
1.91	30098500	0
2.09	29250500	1
2.29	23163400	0